[38;2;112;70;22m[48;2;158;102;31m▀▀[48;2;112;70;22m▀[48;2;158;102;31m▀▀▀▀[48;2;112;70;22m▀▀▀[38;2;72;46;18m▀▀[48;2;72;46;18m▀▀▀▀[38;2;39;28;15m[48;2;39;28;15m▀▀▀▀▀▀▀▀[38;2;3;7;14m▀[38;2;39;28;15m▀[38;2;3;7;14m▀▀▀▀[48;2;3;7;14m▀▀▀▀▀▀▀▀▀▀▀▀▀▀▀▀▀▀▀▀▀▀▀▀▀▀▀▀▀▀▀▀▀▀▀▀▀▀▀▀▀▀▀▀▀▀▀▀▀▀▀▀▀▀▀▀▀▀▀▀▀▀▀▀▀▀▀▀▀▀▀▀▀▀[38;2;14;25;45m[48;2;14;25;45m▀[38;2;3;7;14m▀▀[38;2;14;25;45m[48;2;3;7;14m▀[38;2;3;7;14m[48;2;14;25;45m▀[38;2;14;25;45m▀▀▀[38;2;3;7;14m▀[38;2;14;25;45m▀▀[38;2;18;77;91m[48;2;18;77;91m▀[38;2;91;32;105m[48;2;91;32;105m▀[38;2;14;25;45m[48;2;14;25;45m▀[38;2;3;7;14m[48;2;3;7;14m▀[48;2;14;25;45m▀[38;2;14;25;45m[48;2;18;77;91m▀[38;2;18;77;91m▀▀[38;2;14;25;45m▀[48;2;14;25;45m▀[38;2;18;77;91m[48;2;18;77;91m▀[38;2;14;25;45m▀[38;2;18;77;91m[48;2;14;25;45m▀[0m
[38;2;204;146;55m[48;2;239;194;91m▀[38;2;158;102;31m[48;2;204;146;55m▀[48;2;158;102;31m▀▀▀[48;2;204;146;55m▀[48;2;158;102;31m▀▀[38;2;112;70;22m▀[48;2;112;70;22m▀▀▀▀[38;2;72;46;18m[48;2;72;46;18m▀▀▀▀▀[38;2;39;28;15m▀▀[48;2;39;28;15m▀▀▀▀▀▀▀▀[48;2;14;25;45m▀[38;2;14;25;45m▀▀[38;2;8;15;29m[48;2;39;28;15m▀[38;2;3;7;14m[48;2;3;7;14m▀▀▀▀▀▀▀▀▀▀▀▀▀▀▀▀▀▀▀▀▀▀▀▀▀▀▀▀▀▀▀▀▀▀▀▀▀▀▀▀▀▀▀▀▀▀▀▀▀▀▀▀▀▀▀▀▀▀▀▀▀▀▀▀▀▀▀▀▀▀▀[38;2;14;25;45m▀▀[48;2;14;25;45m▀▀[38;2;3;7;14m▀[38;2;14;25;45m▀▀[48;2;3;7;14m▀[38;2;3;7;14m▀[48;2;14;25;45m▀[38;2;14;25;45m▀[48;2;3;7;14m▀[38;2;18;77;91m[48;2;14;25;45m▀[38;2;14;25;45m▀▀[48;2;18;77;91m▀[38;2;18;77;91m▀▀[48;2;35;166;178m▀[48;2;18;77;91m▀▀[38;2;14;25;45m[48;2;14;25;45m▀[48;2;3;7;14m▀▀[48;2;14;25;45m▀[0m
[38;2;255;226;153m[48;2;255;226;153m▀[38;2;204;146;55m[48;2;239;194;91m▀▀[48;2;204;146;55m▀[48;2;239;194;91m▀[48;2;204;146;55m▀▀[38;2;158;102;31m▀[48;2;158;102;31m▀[38;2;112;70;22m▀[48;2;112;70;22m▀▀▀▀[38;2;72;46;18m▀▀[48;2;72;46;18m▀▀▀▀▀[38;2;39;28;15m[48;2;39;28;15m▀▀▀[48;2;3;7;14m▀[48;2;39;28;15m▀▀▀▀▀[48;2;3;7;14m▀▀[38;2;3;7;14m[48;2;39;28;15m▀[48;2;3;7;14m▀▀▀▀▀▀▀▀▀▀▀▀▀▀▀▀▀▀▀▀▀▀▀▀▀▀▀▀▀▀▀▀▀▀▀▀▀▀▀▀▀▀▀▀▀▀▀▀▀▀▀▀▀▀▀▀▀▀▀▀▀▀▀▀▀▀▀▀[48;2;14;25;45m▀[48;2;3;7;14m▀[38;2;14;25;45m[48;2;14;25;45m▀▀▀[38;2;18;77;91m[48;2;18;77;91m▀▀[38;2;14;25;45m[48;2;91;32;105m▀▀[38;2;3;7;14m[48;2;14;25;45m▀[38;2;14;25;45m[48;2;3;7;14m▀[48;2;14;25;45m▀[38;2;18;77;91m[48;2;91;32;105m▀[38;2;14;25;45m[48;2;14;25;45m▀▀[38;2;3;7;14m▀[48;2;3;7;14m▀[38;2;18;77;91m[48;2;14;25;45m▀▀[48;2;18;77;91m▀▀▀[48;2;14;25;45m▀[38;2;14;25;45m[48;2;3;7;14m▀[38;2;3;7;14m▀[48;2;14;25;45m▀▀[0m
[38;2;239;194;91m[48;2;255;226;153m▀[38;2;255;226;153m▀[48;2;255;244;213m▀[38;2;239;194;91m▀[48;2;255;226;153m▀▀[38;2;204;146;55m[48;2;239;194;91m▀[48;2;204;146;55m▀[38;2;158;102;31m▀[48;2;158;102;31m▀▀[38;2;112;70;22m▀▀[48;2;112;70;22m▀▀▀[38;2;72;46;18m▀▀[38;2;112;70;22m▀[38;2;91;32;105m▀[38;2;72;46;18m[48;2;72;46;18m▀▀[48;2;91;32;105m▀[38;2;39;28;15m[48;2;72;46;18m▀[48;2;39;28;15m▀▀[48;2;72;46;18m▀[48;2;39;28;15m▀▀▀[38;2;3;7;14m[48;2;3;7;14m▀▀▀▀▀▀▀▀▀▀▀▀▀▀▀▀▀▀▀▀▀▀▀▀▀▀▀▀▀▀▀▀▀▀▀▀▀▀▀▀▀▀▀▀▀▀▀▀▀▀▀▀▀▀▀▀▀▀▀▀▀▀▀▀▀▀▀▀▀[48;2;14;25;45m▀▀[38;2;14;25;45m▀▀▀[48;2;18;77;91m▀[38;2;18;77;91m▀[38;2;14;25;45m▀[38;2;18;77;91m[48;2;91;32;105m▀[38;2;91;32;105m▀[38;2;18;77;91m[48;2;14;25;45m▀[48;2;18;77;91m▀[48;2;91;32;105m▀▀[38;2;91;32;105m[48;2;177;65;164m▀[38;2;72;46;18m[48;2;91;32;105m▀[38;2;91;32;105m[48;2;18;77;91m▀[38;2;14;25;45m▀▀[48;2;14;25;45m▀[38;2;18;77;91m[48;2;18;77;91m▀[38;2;14;25;45m[48;2;14;25;45m▀▀[38;2;18;77;91m▀[38;2;14;25;45m[48;2;3;7;14m▀[38;2;3;7;14m▀▀▀[38;2;14;25;45m▀[0m
[38;2;255;244;213m[48;2;255;226;153m▀▀▀[48;2;255;244;213m▀▀[48;2;255;226;153m▀[38;2;255;226;153m▀▀[38;2;239;194;91m▀[48;2;239;194;91m▀[38;2;204;146;55m▀[48;2;204;146;55m▀[48;2;239;194;91m▀[38;2;158;102;31m[48;2;204;146;55m▀[38;2;112;70;22m[48;2;158;102;31m▀▀▀▀▀[48;2;112;70;22m▀[38;2;72;46;18m▀▀[48;2;72;46;18m▀[38;2;91;32;105m[48;2;91;32;105m▀▀[38;2;39;28;15m[48;2;39;28;15m▀▀[48;2;72;46;18m▀[48;2;39;28;15m▀▀[38;2;3;7;14m[48;2;3;7;14m▀▀▀▀▀▀▀▀▀▀▀▀▀▀▀▀▀▀▀▀▀▀▀▀▀▀▀▀▀▀▀▀▀[48;2;14;25;45m▀▀[48;2;3;7;14m▀▀▀▀▀▀▀▀▀▀▀▀▀▀▀▀▀▀▀▀▀▀▀▀▀▀▀▀▀[48;2;14;25;45m▀▀▀[48;2;3;7;14m▀[38;2;14;25;45m[48;2;14;25;45m▀▀[38;2;18;77;91m[48;2;18;77;91m▀▀[38;2;14;25;45m▀[38;2;18;77;91m[48;2;14;25;45m▀▀[38;2;91;32;105m[48;2;91;32;105m▀▀[38;2;35;166;178m[48;2;102;221;210m▀[38;2;91;32;105m[48;2;91;32;105m▀[38;2;18;77;91m[48;2;18;77;91m▀▀▀[38;2;14;25;45m[48;2;91;32;105m▀[38;2;91;32;105m▀[48;2;14;25;45m▀[38;2;18;77;91m[48;2;91;32;105m▀[48;2;18;77;91m▀[48;2;91;32;105m▀[38;2;14;25;45m[48;2;18;77;91m▀[48;2;14;25;45m▀[48;2;18;77;91m▀[48;2;14;25;45m▀[38;2;3;7;14m[48;2;3;7;14m▀▀▀[48;2;14;25;45m▀[48;2;3;7;14m▀[38;2;14;25;45m[48;2;14;25;45m▀[0m
[38;2;239;194;91m[48;2;204;146;55m▀▀[48;2;239;194;91m▀[38;2;255;226;153m▀▀[38;2;239;194;91m▀[48;2;204;146;55m▀▀▀[38;2;204;146;55m▀▀[38;2;158;102;31m[48;2;158;102;31m▀▀▀▀[38;2;204;146;55m▀▀[38;2;112;70;22m▀[48;2;112;70;22m▀[48;2;72;46;18m▀▀[38;2;91;32;105m[48;2;91;32;105m▀▀▀[38;2;72;46;18m[48;2;72;46;18m▀[48;2;39;28;15m▀▀[48;2;72;46;18m▀▀[38;2;39;28;15m[48;2;39;28;15m▀▀▀▀▀▀[38;2;3;7;14m[48;2;3;7;14m▀▀▀▀[48;2;39;28;15m▀▀[48;2;3;7;14m▀▀▀▀▀▀▀▀▀▀▀▀▀▀▀▀▀▀▀▀▀▀▀[38;2;14;25;45m▀[38;2;3;7;14m▀▀▀▀▀▀▀▀▀[38;2;14;25;45m▀▀▀[38;2;3;7;14m▀▀▀▀▀▀▀▀▀▀▀▀▀[38;2;14;25;45m[48;2;14;25;45m▀▀[38;2;3;7;14m▀▀[38;2;14;25;45m▀▀▀▀▀▀[38;2;18;77;91m[48;2;18;77;91m▀▀▀▀▀[38;2;91;32;105m[48;2;91;32;105m▀[48;2;35;166;178m▀[38;2;35;166;178m▀[38;2;18;77;91m[48;2;91;32;105m▀[48;2;35;166;178m▀[38;2;35;166;178m[48;2;102;221;210m▀[38;2;91;32;105m[48;2;91;32;105m▀[48;2;18;77;91m▀[48;2;14;25;45m▀[38;2;18;77;91m▀[38;2;14;25;45m▀▀[38;2;91;32;105m▀[38;2;14;25;45m[48;2;3;7;14m▀[38;2;18;77;91m[48;2;14;25;45m▀[38;2;14;25;45m▀[38;2;3;7;14m▀[48;2;3;7;14m▀▀[38;2;14;25;45m[48;2;14;25;45m▀▀[38;2;3;7;14m▀[38;2;14;25;45m[48;2;3;7;14m▀[0m
[38;2;204;146;55m[48;2;158;102;31m▀▀▀[48;2;204;146;55m▀▀▀▀[48;2;158;102;31m▀[38;2;158;102;31m▀▀[48;2;112;70;22m▀▀[38;2;112;70;22m▀▀▀▀[38;2;158;102;31m▀[38;2;177;65;164m▀[38;2;112;70;22m[48;2;72;46;18m▀[48;2;91;32;105m▀[48;2;112;70;22m▀[38;2;91;32;105m[48;2;72;46;18m▀[48;2;91;32;105m▀[38;2;112;70;22m▀[38;2;72;46;18m[48;2;72;46;18m▀[48;2;91;32;105m▀[48;2;72;46;18m▀[38;2;39;28;15m[48;2;39;28;15m▀[38;2;72;46;18m[48;2;72;46;18m▀[38;2;39;28;15m[48;2;39;28;15m▀▀▀▀[38;2;3;7;14m▀▀[38;2;39;28;15m▀▀[38;2;3;7;14m[48;2;3;7;14m▀▀[38;2;39;28;15m[48;2;112;70;22m▀[48;2;72;46;18m▀[38;2;3;7;14m[48;2;3;7;14m▀▀▀▀▀▀▀▀▀▀▀▀▀▀▀▀▀▀▀▀▀▀▀▀▀▀▀▀▀▀▀[48;2;14;25;45m▀[38;2;14;25;45m▀[38;2;3;7;14m[48;2;3;7;14m▀▀▀▀▀▀▀▀▀▀▀▀[48;2;14;25;45m▀[38;2;14;25;45m▀▀▀▀▀▀▀▀▀[48;2;18;77;91m▀[48;2;14;25;45m▀[48;2;18;77;91m▀[38;2;18;77;91m▀▀▀[38;2;35;166;178m▀[38;2;18;77;91m▀[38;2;91;32;105m[48;2;35;166;178m▀[38;2;35;166;178m▀[48;2;91;32;105m▀[38;2;91;32;105m[48;2;35;166;178m▀[38;2;35;166;178m▀[38;2;91;32;105m[48;2;91;32;105m▀▀▀▀▀[48;2;18;77;91m▀[38;2;14;25;45m[48;2;14;25;45m▀▀[38;2;3;7;14m▀[38;2;14;25;45m[48;2;3;7;14m▀[48;2;14;25;45m▀▀[38;2;18;77;91m[48;2;91;32;105m▀[38;2;14;25;45m▀[38;2;3;7;14m[48;2;14;25;45m▀[48;2;3;7;14m▀▀▀▀[0m
[38;2;158;102;31m[48;2;158;102;31m▀▀▀▀▀▀▀▀[48;2;112;70;22m▀[38;2;112;70;22m▀▀▀▀▀▀[38;2;72;46;18m[48;2;72;46;18m▀▀[38;2;112;70;22m▀▀[38;2;91;32;105m[48;2;91;32;105m▀▀[38;2;72;46;18m▀[38;2;91;32;105m▀▀▀[38;2;72;46;18m▀[48;2;72;46;18m▀[38;2;39;28;15m[48;2;39;28;15m▀▀[38;2;72;46;18m[48;2;72;46;18m▀[38;2;39;28;15m▀▀[48;2;39;28;15m▀[48;2;72;46;18m▀[38;2;3;7;14m[48;2;158;102;31m▀[38;2;39;28;15m[48;2;204;146;55m▀[38;2;72;46;18m[48;2;239;194;91m▀[38;2;112;70;22m[48;2;204;146;55m▀[48;2;158;102;31m▀[38;2;158;102;31m[48;2;112;70;22m▀[38;2;112;70;22m[48;2;72;46;18m▀[38;2;72;46;18m[48;2;112;70;22m▀[38;2;112;70;22m▀[38;2;39;28;15m▀[38;2;3;7;14m[48;2;72;46;18m▀▀[48;2;39;28;15m▀[48;2;3;7;14m▀▀▀▀▀▀▀▀▀▀▀▀▀▀▀▀▀▀▀▀▀▀▀▀▀[38;2;14;25;45m[48;2;14;25;45m▀[48;2;3;7;14m▀[38;2;3;7;14m▀[38;2;14;25;45m▀[38;2;3;7;14m▀▀▀▀▀▀▀[48;2;39;28;15m▀[38;2;14;25;45m▀▀[38;2;3;7;14m[48;2;72;46;18m▀[38;2;72;46;18m[48;2;158;102;31m▀[48;2;112;70;22m▀[38;2;14;25;45m[48;2;72;46;18m▀▀[48;2;14;25;45m▀▀▀▀[48;2;18;77;91m▀[38;2;18;77;91m[48;2;91;32;105m▀[48;2;18;77;91m▀▀[48;2;35;166;178m▀[48;2;177;65;164m▀[48;2;91;32;105m▀[38;2;91;32;105m[48;2;112;70;22m▀▀▀▀[38;2;112;70;22m[48;2;72;46;18m▀▀[38;2;72;46;18m▀▀▀[38;2;91;32;105m▀▀[48;2;91;32;105m▀[38;2;14;25;45m▀▀[48;2;18;77;91m▀[48;2;91;32;105m▀[48;2;72;46;18m▀[48;2;14;25;45m▀▀▀[48;2;3;7;14m▀[48;2;14;25;45m▀[38;2;3;7;14m[48;2;3;7;14m▀▀▀▀[0m
[38;2;112;70;22m[48;2;112;70;22m▀▀▀▀▀[38;2;158;102;31m▀▀[38;2;112;70;22m▀▀▀▀[48;2;72;46;18m▀▀[38;2;72;46;18m▀[38;2;91;32;105m▀[38;2;72;46;18m▀▀[38;2;112;70;22m▀[38;2;72;46;18m▀▀▀▀[38;2;91;32;105m[48;2;91;32;105m▀▀▀[48;2;72;46;18m▀[38;2;72;46;18m[48;2;91;32;105m▀[48;2;72;46;18m▀▀▀[48;2;158;102;31m▀[38;2;112;70;22m[48;2;255;226;153m▀[38;2;204;146;55m▀[48;2;158;102;31m▀[48;2;112;70;22m▀▀[38;2;112;70;22m▀[38;2;72;46;18m▀[48;2;158;102;31m▀[48;2;204;146;55m▀[38;2;112;70;22m[48;2;239;194;91m▀[38;2;158;102;31m▀▀▀▀[38;2;112;70;22m▀[48;2;204;146;55m▀[38;2;72;46;18m[48;2;158;102;31m▀[38;2;39;28;15m▀[38;2;3;7;14m[48;2;112;70;22m▀[48;2;72;46;18m▀[48;2;3;7;14m▀▀▀▀▀▀▀▀▀▀▀▀▀▀▀▀▀[38;2;14;25;45m[48;2;14;25;45m▀▀[38;2;3;7;14m[48;2;3;7;14m▀▀[38;2;8;15;29m▀[38;2;3;7;14m▀▀[48;2;14;25;45m▀[38;2;14;25;45m▀[38;2;3;7;14m[48;2;3;7;14m▀[48;2;8;15;29m▀[48;2;3;7;14m▀[48;2;14;25;45m▀▀[38;2;14;25;45m▀[38;2;39;28;15m[48;2;39;28;15m▀[38;2;112;70;22m[48;2;204;146;55m▀[38;2;239;194;91m▀[38;2;204;146;55m[48;2;3;7;14m▀[38;2;112;70;22m▀[38;2;158;102;31m[48;2;39;28;15m▀[38;2;204;146;55m[48;2;112;70;22m▀[38;2;158;102;31m[48;2;158;102;31m▀[38;2;72;46;18m[48;2;72;46;18m▀[48;2;91;32;105m▀[48;2;72;46;18m▀[48;2;91;32;105m▀[38;2;91;32;105m▀[48;2;204;146;55m▀[48;2;255;226;153m▀[38;2;177;65;164m[48;2;204;146;55m▀[38;2;204;146;55m[48;2;158;102;31m▀[38;2;158;102;31m[48;2;204;146;55m▀[38;2;112;70;22m[48;2;158;102;31m▀[38;2;158;102;31m[48;2;112;70;22m▀[38;2;112;70;22m[48;2;72;46;18m▀[38;2;72;46;18m▀▀▀[38;2;91;32;105m[48;2;112;70;22m▀[48;2;158;102;31m▀[48;2;177;65;164m▀▀[38;2;112;70;22m▀▀[48;2;158;102;31m▀▀[38;2;91;32;105m▀[48;2;91;32;105m▀▀▀[38;2;14;25;45m[48;2;18;77;91m▀[48;2;14;25;45m▀▀▀▀[38;2;3;7;14m[48;2;3;7;14m▀▀▀▀[0m
[38;2;112;70;22m[48;2;112;70;22m▀▀▀▀▀▀▀▀▀▀[48;2;72;46;18m▀[38;2;72;46;18m▀[48;2;112;70;22m▀[48;2;72;46;18m▀▀▀▀▀▀▀▀▀▀[38;2;91;32;105m▀[38;2;72;46;18m▀[38;2;91;32;105m[48;2;91;32;105m▀▀[38;2;72;46;18m▀[48;2;112;70;22m▀[48;2;72;46;18m▀[38;2;158;102;31m[48;2;239;194;91m▀[38;2;239;194;91m▀[38;2;112;70;22m[48;2;112;70;22m▀[48;2;72;46;18m▀[38;2;72;46;18m[48;2;39;28;15m▀▀[38;2;39;28;15m[48;2;3;7;14m▀[38;2;3;7;14m[48;2;72;46;18m▀[38;2;72;46;18m[48;2;158;102;31m▀[48;2;112;70;22m▀[38;2;39;28;15m[48;2;72;46;18m▀[38;2;72;46;18m▀[48;2;39;28;15m▀[38;2;39;28;15m[48;2;112;70;22m▀[38;2;158;102;31m[48;2;204;146;55m▀[38;2;239;194;91m▀▀▀[38;2;158;102;31m[48;2;112;70;22m▀[38;2;204;146;55m[48;2;158;102;31m▀[48;2;204;146;55m▀[38;2;158;102;31m▀[38;2;112;70;22m[48;2;239;194;91m▀[38;2;39;28;15m[48;2;204;146;55m▀[38;2;3;7;14m[48;2;158;102;31m▀[48;2;112;70;22m▀[48;2;39;28;15m▀[48;2;3;7;14m▀▀▀▀▀▀▀▀▀▀▀▀[38;2;39;28;15m[48;2;39;28;15m▀[48;2;72;46;18m▀[38;2;3;7;14m[48;2;158;102;31m▀[38;2;39;28;15m[48;2;204;146;55m▀[38;2;112;70;22m[48;2;112;70;22m▀[38;2;158;102;31m▀[38;2;112;70;22m▀[38;2;72;46;18m[48;2;204;146;55m▀▀[38;2;39;28;15m▀[48;2;158;102;31m▀[48;2;112;70;22m▀[48;2;72;46;18m▀[48;2;39;28;15m▀[38;2;112;70;22m[48;2;158;102;31m▀[38;2;255;226;153m[48;2;239;194;91m▀[38;2;112;70;22m[48;2;112;70;22m▀▀[38;2;72;46;18m[48;2;72;46;18m▀[38;2;158;102;31m[48;2;204;146;55m▀[38;2;204;146;55m▀[38;2;112;70;22m[48;2;112;70;22m▀▀[38;2;72;46;18m[48;2;158;102;31m▀[48;2;239;194;91m▀[38;2;204;146;55m▀[38;2;255;226;153m[48;2;204;146;55m▀▀[38;2;204;146;55m▀[48;2;158;102;31m▀[48;2;112;70;22m▀[48;2;72;46;18m▀[38;2;158;102;31m[48;2;112;70;22m▀[38;2;112;70;22m▀[38;2;72;46;18m[48;2;158;102;31m▀[38;2;112;70;22m[48;2;204;146;55m▀[38;2;158;102;31m▀[38;2;112;70;22m▀[48;2;112;70;22m▀▀▀[38;2;158;102;31m[48;2;158;102;31m▀[38;2;177;65;164m[48;2;204;146;55m▀[38;2;239;132;220m[48;2;239;194;91m▀[48;2;255;226;153m▀[38;2;239;194;91m▀▀[38;2;177;65;164m[48;2;239;194;91m▀[48;2;177;65;164m▀[38;2;91;32;105m[48;2;239;132;220m▀[38;2;18;77;91m[48;2;177;65;164m▀[38;2;14;25;45m[48;2;14;25;45m▀▀▀[38;2;3;7;14m[48;2;3;7;14m▀[48;2;14;25;45m▀[48;2;3;7;14m▀▀▀[0m
[38;2;72;46;18m[48;2;72;46;18m▀▀▀▀[38;2;112;70;22m▀▀[48;2;112;70;22m▀[48;2;72;46;18m▀▀[38;2;72;46;18m▀▀▀▀▀▀▀▀▀▀▀[48;2;112;70;22m▀▀[48;2;91;32;105m▀[48;2;112;70;22m▀[38;2;91;32;105m▀▀▀[48;2;158;102;31m▀[38;2;112;70;22m[48;2;239;194;91m▀[38;2;204;146;55m[48;2;255;244;213m▀[38;2;255;226;153m[48;2;204;146;55m▀[38;2;204;146;55m[48;2;112;70;22m▀[38;2;158;102;31m▀▀▀[38;2;112;70;22m▀[38;2;39;28;15m▀[38;2;112;70;22m▀[38;2;204;146;55m[48;2;204;146;55m▀[38;2;158;102;31m[48;2;255;244;213m▀[48;2;255;226;153m▀[48;2;204;146;55m▀[48;2;158;102;31m▀[38;2;204;146;55m▀[38;2;158;102;31m▀▀▀▀▀[48;2;112;70;22m▀[48;2;72;46;18m▀▀[48;2;112;70;22m▀[38;2;204;146;55m[48;2;72;46;18m▀[48;2;112;70;22m▀▀▀[38;2;158;102;31m[48;2;158;102;31m▀[38;2;112;70;22m▀▀▀▀[38;2;72;46;18m▀▀▀▀▀▀▀[38;2;112;70;22m▀[38;2;239;194;91m[48;2;204;146;55m▀[38;2;204;146;55m[48;2;158;102;31m▀[38;2;158;102;31m[48;2;112;70;22m▀[38;2;112;70;22m▀▀[38;2;204;146;55m[48;2;158;102;31m▀[38;2;239;194;91m[48;2;204;146;55m▀[38;2;204;146;55m[48;2;158;102;31m▀▀[38;2;158;102;31m▀[48;2;112;70;22m▀[38;2;112;70;22m▀[38;2;72;46;18m▀[38;2;239;194;91m[48;2;204;146;55m▀[48;2;158;102;31m▀[38;2;112;70;22m[48;2;112;70;22m▀[48;2;72;46;18m▀[38;2;72;46;18m[48;2;112;70;22m▀[38;2;204;146;55m[48;2;239;194;91m▀[38;2;239;194;91m▀[38;2;158;102;31m[48;2;112;70;22m▀[38;2;112;70;22m[48;2;158;102;31m▀[38;2;158;102;31m[48;2;112;70;22m▀[48;2;72;46;18m▀[38;2;112;70;22m▀[38;2;158;102;31m▀[48;2;112;70;22m▀[38;2;72;46;18m▀▀[38;2;112;70;22m[48;2;204;146;55m▀▀[48;2;72;46;18m▀▀▀▀▀[48;2;112;70;22m▀▀[48;2;158;102;31m▀[48;2;204;146;55m▀[38;2;158;102;31m[48;2;239;194;91m▀[38;2;204;146;55m[48;2;255;226;153m▀[38;2;239;194;91m▀[38;2;255;226;153m[48;2;204;146;55m▀▀▀▀[38;2;239;194;91m[48;2;239;194;91m▀[38;2;177;65;164m[48;2;177;65;164m▀[48;2;158;102;31m▀[38;2;91;32;105m[48;2;177;65;164m▀[38;2;14;25;45m[48;2;91;32;105m▀[48;2;14;25;45m▀▀[38;2;3;7;14m[48;2;3;7;14m▀▀▀▀[0m
[38;2;72;46;18m[48;2;72;46;18m▀▀▀▀▀▀▀▀[38;2;112;70;22m[48;2;112;70;22m▀[48;2;72;46;18m▀[38;2;72;46;18m[48;2;112;70;22m▀[48;2;72;46;18m▀[48;2;112;70;22m▀[38;2;112;70;22m▀▀▀▀▀▀[48;2;158;102;31m▀[48;2;204;146;55m▀▀[48;2;239;194;91m▀[38;2;158;102;31m[48;2;255;244;213m▀[38;2;204;146;55m▀[38;2;239;194;91m▀[38;2;255;226;153m[48;2;255;226;153m▀[38;2;255;244;213m▀[38;2;255;226;153m[48;2;204;146;55m▀▀[38;2;158;102;31m[48;2;158;102;31m▀[38;2;112;70;22m▀▀▀[38;2;158;102;31m▀▀[38;2;112;70;22m[48;2;112;70;22m▀[38;2;158;102;31m▀[38;2;239;194;91m▀[38;2;255;226;153m[48;2;72;46;18m▀[38;2;204;146;55m▀[38;2;158;102;31m▀▀[38;2;112;70;22m[48;2;112;70;22m▀▀▀[48;2;72;46;18m▀[38;2;158;102;31m[48;2;112;70;22m▀[48;2;158;102;31m▀[38;2;112;70;22m▀▀[38;2;158;102;31m▀▀▀▀[48;2;112;70;22m▀▀[38;2;112;70;22m▀▀[38;2;72;46;18m▀▀▀▀▀▀▀▀▀[48;2;72;46;18m▀[48;2;112;70;22m▀[48;2;158;102;31m▀▀▀▀[38;2;112;70;22m[48;2;112;70;22m▀▀▀▀▀▀[48;2;158;102;31m▀▀▀▀[38;2;158;102;31m▀[48;2;204;146;55m▀[38;2;204;146;55m▀[38;2;158;102;31m▀[38;2;204;146;55m[48;2;158;102;31m▀▀[38;2;158;102;31m[48;2;204;146;55m▀▀[38;2;204;146;55m▀[38;2;158;102;31m▀▀▀▀▀[38;2;112;70;22m▀[48;2;158;102;31m▀[48;2;112;70;22m▀▀[38;2;72;46;18m▀▀▀[38;2;112;70;22m[48;2;158;102;31m▀▀[38;2;158;102;31m[48;2;204;146;55m▀[48;2;239;194;91m▀[38;2;239;194;91m[48;2;255;226;153m▀[38;2;255;226;153m[48;2;255;244;213m▀[38;2;255;244;213m[48;2;255;226;153m▀[38;2;255;226;153m[48;2;239;194;91m▀[38;2;204;146;55m[48;2;204;146;55m▀[38;2;158;102;31m[48;2;158;102;31m▀▀[48;2;112;70;22m▀▀▀▀▀[38;2;91;32;105m▀[38;2;14;25;45m[48;2;72;46;18m▀[48;2;14;25;45m▀▀▀[38;2;3;7;14m[48;2;3;7;14m▀▀[0m
[38;2;72;46;18m[48;2;72;46;18m▀▀▀▀▀▀▀▀▀[48;2;112;70;22m▀[38;2;112;70;22m▀▀▀[48;2;158;102;31m▀▀[38;2;158;102;31m[48;2;204;146;55m▀[48;2;239;194;91m▀[48;2;255;244;213m▀[38;2;204;146;55m▀[38;2;255;226;153m▀▀▀[38;2;255;244;213m[48;2;204;146;55m▀[48;2;158;102;31m▀[38;2;255;226;153m▀[38;2;239;194;91m[48;2;112;70;22m▀[38;2;204;146;55m▀[38;2;158;102;31m[48;2;158;102;31m▀▀[48;2;39;28;15m▀▀[48;2;72;46;18m▀[48;2;39;28;15m▀[38;2;112;70;22m[48;2;3;7;14m▀[48;2;39;28;15m▀[48;2;72;46;18m▀[48;2;112;70;22m▀[38;2;72;46;18m[48;2;158;102;31m▀[48;2;112;70;22m▀▀▀▀▀▀▀[38;2;112;70;22m▀▀▀▀▀[48;2;72;46;18m▀[38;2;72;46;18m[48;2;112;70;22m▀▀[48;2;72;46;18m▀[48;2;112;70;22m▀▀[38;2;39;28;15m▀[38;2;72;46;18m[48;2;158;102;31m▀[38;2;39;28;15m[48;2;112;70;22m▀[38;2;3;7;14m▀[38;2;112;70;22m[48;2;158;102;31m▀[48;2;204;146;55m▀[48;2;158;102;31m▀[38;2;158;102;31m[48;2;204;146;55m▀▀▀▀▀[48;2;239;194;91m▀▀[38;2;204;146;55m▀▀▀▀[48;2;255;226;153m▀▀▀▀▀▀[38;2;239;194;91m▀▀▀▀▀[38;2;255;226;153m▀▀▀▀[48;2;239;194;91m▀[38;2;239;194;91m[48;2;204;146;55m▀[38;2;255;244;213m▀[38;2;255;226;153m▀▀▀▀[38;2;239;194;91m▀▀[38;2;204;146;55m▀[48;2;255;226;153m▀[38;2;158;102;31m▀[38;2;204;146;55m▀[48;2;255;244;213m▀▀▀[38;2;239;194;91m▀▀[38;2;255;226;153m[48;2;255;226;153m▀[48;2;204;146;55m▀[38;2;239;194;91m▀[38;2;204;146;55m[48;2;158;102;31m▀▀▀[38;2;158;102;31m[48;2;112;70;22m▀▀[38;2;112;70;22m▀[38;2;72;46;18m[48;2;72;46;18m▀▀▀[38;2;112;70;22m▀[48;2;112;70;22m▀▀[38;2;72;46;18m[48;2;72;46;18m▀[38;2;14;25;45m[48;2;14;25;45m▀▀▀[38;2;3;7;14m[48;2;3;7;14m▀▀[0m
[38;2;39;28;15m[48;2;39;28;15m▀▀[38;2;72;46;18m▀▀[48;2;72;46;18m▀▀▀▀[48;2;112;70;22m▀[38;2;112;70;22m▀▀[38;2;158;102;31m[48;2;204;146;55m▀[48;2;239;194;91m▀[38;2;204;146;55m[48;2;255;244;213m▀[38;2;239;194;91m▀[38;2;255;244;213m▀▀[48;2;255;226;153m▀▀▀[38;2;255;226;153m[48;2;204;146;55m▀[38;2;204;146;55m▀[38;2;112;70;22m▀▀▀[38;2;158;102;31m[48;2;158;102;31m▀▀[38;2;112;70;22m[48;2;112;70;22m▀[38;2;72;46;18m▀▀[38;2;112;70;22m▀▀▀▀▀▀▀[38;2;72;46;18m▀[38;2;112;70;22m▀▀▀▀[48;2;158;102;31m▀▀▀▀[38;2;158;102;31m▀[48;2;204;146;55m▀▀▀[48;2;239;194;91m▀▀[38;2;204;146;55m▀▀▀▀[38;2;239;194;91m▀[48;2;255;226;153m▀▀▀▀▀▀▀[38;2;255;226;153m[48;2;255;244;213m▀▀[48;2;255;226;153m▀▀▀▀▀▀[38;2;255;244;213m▀[48;2;239;194;91m▀▀[38;2;255;226;153m▀[48;2;204;146;55m▀▀[48;2;158;102;31m▀[38;2;239;194;91m▀▀[48;2;112;70;22m▀[38;2;204;146;55m▀▀▀[38;2;158;102;31m[48;2;158;102;31m▀[38;2;204;146;55m▀▀[48;2;204;146;55m▀[38;2;158;102;31m▀▀[38;2;204;146;55m▀▀▀[38;2;239;194;91m▀[48;2;112;70;22m▀[38;2;158;102;31m▀[48;2;158;102;31m▀[38;2;204;146;55m[48;2;204;146;55m▀[38;2;239;194;91m▀[38;2;255;244;213m[48;2;239;194;91m▀[48;2;255;226;153m▀▀[48;2;239;194;91m▀[38;2;255;226;153m[48;2;204;146;55m▀▀[38;2;239;194;91m[48;2;158;102;31m▀[38;2;204;146;55m▀[38;2;158;102;31m▀[48;2;112;70;22m▀[38;2;112;70;22m▀▀▀▀▀[38;2;72;46;18m▀▀▀[48;2;72;46;18m▀▀▀▀[48;2;39;28;15m▀[38;2;14;25;45m[48;2;14;25;45m▀▀▀[38;2;3;7;14m[48;2;3;7;14m▀▀[0m
[38;2;39;28;15m[48;2;39;28;15m▀▀▀▀[38;2;72;46;18m[48;2;72;46;18m▀▀▀[38;2;112;70;22m[48;2;112;70;22m▀[48;2;158;102;31m▀[38;2;158;102;31m[48;2;239;194;91m▀[38;2;204;146;55m[48;2;255;244;213m▀[38;2;255;226;153m▀[38;2;255;244;213m▀[48;2;255;226;153m▀[38;2;255;226;153m▀[48;2;239;194;91m▀[48;2;204;146;55m▀[38;2;239;194;91m[48;2;158;102;31m▀[38;2;204;146;55m[48;2;112;70;22m▀▀[38;2;158;102;31m▀▀▀[38;2;112;70;22m▀▀▀▀▀▀▀▀▀[48;2;158;102;31m▀▀▀▀[38;2;158;102;31m▀[48;2;204;146;55m▀▀▀[48;2;239;194;91m▀▀[38;2;204;146;55m▀[48;2;204;146;55m▀▀[38;2;239;194;91m▀[48;2;158;102;31m▀▀[48;2;204;146;55m▀▀▀[38;2;204;146;55m[48;2;158;102;31m▀▀[48;2;112;70;22m▀[38;2;239;194;91m[48;2;158;102;31m▀[48;2;204;146;55m▀▀[48;2;239;194;91m▀[48;2;204;146;55m▀▀[38;2;255;226;153m▀[38;2;255;244;213m[48;2;239;194;91m▀▀[38;2;255;226;153m[48;2;204;146;55m▀▀▀[38;2;239;194;91m▀[48;2;158;102;31m▀[38;2;204;146;55m▀▀[48;2;112;70;22m▀▀[38;2;158;102;31m▀▀▀[38;2;112;70;22m▀[48;2;158;102;31m▀▀▀▀▀[48;2;112;70;22m▀[38;2;158;102;31m▀▀▀▀[48;2;72;46;18m▀[48;2;112;70;22m▀[38;2;204;146;55m▀▀[38;2;112;70;22m[48;2;72;46;18m▀[48;2;112;70;22m▀[38;2;158;102;31m▀▀[38;2;112;70;22m[48;2;72;46;18m▀[38;2;72;46;18m▀[38;2;112;70;22m▀[48;2;112;70;22m▀[38;2;158;102;31m▀[48;2;158;102;31m▀[38;2;204;146;55m▀▀▀[38;2;158;102;31m▀▀[48;2;112;70;22m▀▀[48;2;158;102;31m▀[48;2;177;65;164m▀▀[38;2;112;70;22m[48;2;91;32;105m▀▀[38;2;72;46;18m▀▀[38;2;39;28;15m▀▀[48;2;72;46;18m▀▀▀[38;2;72;46;18m[48;2;39;28;15m▀[48;2;3;7;14m▀[38;2;39;28;15m▀[48;2;72;46;18m▀[38;2;14;25;45m[48;2;14;25;45m▀▀▀[38;2;3;7;14m[48;2;3;7;14m▀▀[0m
[38;2;39;28;15m[48;2;39;28;15m▀▀▀[48;2;72;46;18m▀[38;2;72;46;18m▀▀[38;2;112;70;22m[48;2;158;102;31m▀[38;2;158;102;31m[48;2;239;194;91m▀[38;2;239;194;91m[48;2;204;146;55m▀[38;2;255;226;153m[48;2;239;194;91m▀[38;2;255;244;213m[48;2;204;146;55m▀[38;2;255;226;153m▀▀[38;2;204;146;55m[48;2;158;102;31m▀[38;2;158;102;31m[48;2;112;70;22m▀▀[38;2;112;70;22m▀▀▀▀▀▀▀▀▀▀[48;2;158;102;31m▀▀▀[38;2;158;102;31m[48;2;204;146;55m▀▀▀[38;2;204;146;55m[48;2;239;194;91m▀▀[48;2;255;226;153m▀▀[38;2;239;194;91m▀▀▀[48;2;204;146;55m▀[48;2;112;70;22m▀[38;2;158;102;31m▀▀[38;2;112;70;22m▀▀▀[48;2;72;46;18m▀▀▀[38;2;158;102;31m▀[38;2;112;70;22m[48;2;112;70;22m▀▀[48;2;158;102;31m▀[48;2;204;146;55m▀▀[48;2;239;194;91m▀▀[38;2;158;102;31m[48;2;204;146;55m▀[38;2;204;146;55m[48;2;158;102;31m▀[38;2;239;194;91m▀[38;2;204;146;55m[48;2;239;194;91m▀[48;2;204;146;55m▀[48;2;158;102;31m▀[38;2;158;102;31m▀▀▀[48;2;112;70;22m▀[38;2;112;70;22m[48;2;158;102;31m▀▀▀▀[38;2;158;102;31m▀[48;2;112;70;22m▀▀▀[48;2;72;46;18m▀[38;2;112;70;22m▀▀▀▀▀[38;2;72;46;18m▀▀▀▀▀[38;2;39;28;15m[48;2;112;70;22m▀[38;2;112;70;22m[48;2;72;46;18m▀▀[38;2;72;46;18m[48;2;39;28;15m▀[48;2;72;46;18m▀[38;2;112;70;22m[48;2;112;70;22m▀▀[38;2;72;46;18m[48;2;72;46;18m▀[48;2;112;70;22m▀▀▀▀[38;2;112;70;22m▀[48;2;72;46;18m▀[48;2;158;102;31m▀[38;2;158;102;31m▀[38;2;204;146;55m[48;2;112;70;22m▀[38;2;158;102;31m[48;2;72;46;18m▀[38;2;112;70;22m[48;2;112;70;22m▀[38;2;72;46;18m[48;2;158;102;31m▀[38;2;158;102;31m[48;2;239;194;91m▀[38;2;255;244;213m[48;2;255;226;153m▀[48;2;255;244;213m▀[38;2;255;226;153m▀[38;2;239;132;220m▀[48;2;239;132;220m▀[38;2;177;65;164m[48;2;177;65;164m▀[48;2;91;32;105m▀[38;2;91;32;105m[48;2;18;77;91m▀▀[48;2;72;46;18m▀[38;2;72;46;18m▀[48;2;39;28;15m▀[48;2;72;46;18m▀[48;2;112;70;22m▀[38;2;3;7;14m[48;2;39;28;15m▀[38;2;72;46;18m[48;2;112;70;22m▀[48;2;72;46;18m▀[38;2;14;25;45m[48;2;14;25;45m▀▀[38;2;3;7;14m[48;2;3;7;14m▀▀[0m
[38;2;39;28;15m[48;2;39;28;15m▀▀▀[38;2;72;46;18m[48;2;72;46;18m▀▀[38;2;158;102;31m[48;2;204;146;55m▀[38;2;239;194;91m[48;2;255;226;153m▀▀[48;2;204;146;55m▀[38;2;204;146;55m[48;2;158;102;31m▀▀[38;2;158;102;31m[48;2;112;70;22m▀[38;2;112;70;22m▀▀▀▀▀▀▀▀▀[48;2;158;102;31m▀[38;2;158;102;31m▀[48;2;204;146;55m▀▀[48;2;239;194;91m▀[38;2;204;146;55m▀[48;2;255;226;153m▀[38;2;239;194;91m▀▀[38;2;255;226;153m▀▀▀[48;2;255;244;213m▀[48;2;255;226;153m▀[48;2;255;244;213m▀[38;2;255;244;213m[48;2;255;226;153m▀[38;2;255;226;153m[48;2;204;146;55m▀[38;2;204;146;55m▀[38;2;158;102;31m▀[48;2;158;102;31m▀[48;2;72;46;18m▀[38;2;72;46;18m[48;2;112;70;22m▀[38;2;112;70;22m▀▀▀[48;2;158;102;31m▀▀[48;2;204;146;55m▀[38;2;158;102;31m▀[48;2;239;194;91m▀[48;2;255;226;153m▀▀[38;2;204;146;55m▀▀[38;2;255;226;153m▀[38;2;255;244;213m[48;2;239;194;91m▀▀[38;2;255;226;153m▀[38;2;239;194;91m▀[38;2;204;146;55m[48;2;204;146;55m▀[48;2;112;70;22m▀[48;2;72;46;18m▀[38;2;158;102;31m[48;2;112;70;22m▀▀[38;2;112;70;22m▀[48;2;72;46;18m▀▀▀▀▀[38;2;72;46;18m▀▀[48;2;39;28;15m▀▀▀▀[38;2;39;28;15m[48;2;72;46;18m▀▀[48;2;39;28;15m▀▀[38;2;72;46;18m▀▀▀▀▀▀▀▀[48;2;72;46;18m▀▀[38;2;112;70;22m[48;2;112;70;22m▀[38;2;72;46;18m▀[38;2;158;102;31m[48;2;239;194;91m▀[48;2;255;226;153m▀[48;2;204;146;55m▀[48;2;158;102;31m▀[38;2;112;70;22m▀▀[38;2;158;102;31m[48;2;204;146;55m▀[48;2;112;70;22m▀[38;2;72;46;18m▀[38;2;112;70;22m▀▀[38;2;158;102;31m▀▀[48;2;204;146;55m▀[38;2;255;226;153m[48;2;239;194;91m▀[38;2;255;244;213m▀▀[48;2;102;221;210m▀[38;2;102;221;210m▀▀[38;2;18;77;91m[48;2;177;65;164m▀[48;2;91;32;105m▀[38;2;91;32;105m▀[48;2;18;77;91m▀[38;2;72;46;18m[48;2;39;28;15m▀[38;2;39;28;15m▀[38;2;72;46;18m▀[48;2;3;7;14m▀[48;2;39;28;15m▀▀[38;2;14;25;45m[48;2;3;7;14m▀[48;2;14;25;45m▀[38;2;3;7;14m[48;2;3;7;14m▀▀▀[0m
[38;2;39;28;15m[48;2;39;28;15m▀▀[48;2;72;46;18m▀[38;2;72;46;18m▀[38;2;158;102;31m[48;2;204;146;55m▀[38;2;255;226;153m[48;2;255;244;213m▀[38;2;239;194;91m[48;2;204;146;55m▀[38;2;204;146;55m[48;2;158;102;31m▀[38;2;112;70;22m[48;2;112;70;22m▀[48;2;72;46;18m▀▀▀▀▀▀▀▀▀[48;2;158;102;31m▀[48;2;204;146;55m▀[38;2;158;102;31m▀[48;2;239;194;91m▀[38;2;204;146;55m[48;2;255;226;153m▀[38;2;255;226;153m▀[48;2;255;244;213m▀[38;2;255;244;213m[48;2;255;226;153m▀[38;2;255;226;153m▀[48;2;239;194;91m▀[48;2;204;146;55m▀[48;2;158;102;31m▀▀[48;2;255;226;153m▀▀[48;2;239;194;91m▀▀[38;2;255;244;213m[48;2;255;226;153m▀[38;2;239;194;91m[48;2;204;146;55m▀[38;2;204;146;55m[48;2;72;46;18m▀[38;2;158;102;31m[48;2;158;102;31m▀[48;2;112;70;22m▀[38;2;72;46;18m[48;2;72;46;18m▀[38;2;112;70;22m[48;2;158;102;31m▀▀[38;2;158;102;31m[48;2;204;146;55m▀▀[38;2;204;146;55m[48;2;239;194;91m▀[38;2;255;226;153m▀[48;2;204;146;55m▀[48;2;158;102;31m▀[48;2;112;70;22m▀▀[38;2;239;194;91m▀[48;2;39;28;15m▀[38;2;204;146;55m[48;2;112;70;22m▀[38;2;158;102;31m[48;2;72;46;18m▀[38;2;204;146;55m[48;2;158;102;31m▀[48;2;204;146;55m▀[48;2;158;102;31m▀▀[38;2;158;102;31m▀[48;2;112;70;22m▀[38;2;112;70;22m[48;2;72;46;18m▀[38;2;3;7;14m▀[38;2;72;46;18m▀[38;2;112;70;22m▀[38;2;72;46;18m▀[48;2;39;28;15m▀▀▀[38;2;39;28;15m▀▀▀[48;2;72;46;18m▀[48;2;39;28;15m▀▀▀[48;2;72;46;18m▀▀▀[48;2;112;70;22m▀[48;2;72;46;18m▀[38;2;72;46;18m▀[48;2;112;70;22m▀▀▀[38;2;39;28;15m[48;2;72;46;18m▀[48;2;39;28;15m▀[38;2;3;7;14m▀[38;2;39;28;15m[48;2;72;46;18m▀▀[38;2;72;46;18m▀[48;2;3;7;14m▀[38;2;158;102;31m[48;2;72;46;18m▀[38;2;239;194;91m[48;2;112;70;22m▀[38;2;255;226;153m[48;2;158;102;31m▀[38;2;239;194;91m▀[38;2;204;146;55m[48;2;112;70;22m▀[48;2;158;102;31m▀[38;2;158;102;31m[48;2;204;146;55m▀[38;2;204;146;55m[48;2;158;102;31m▀▀[38;2;158;102;31m▀[38;2;112;70;22m▀▀[48;2;112;70;22m▀[48;2;158;102;31m▀[38;2;204;146;55m▀▀▀[48;2;204;146;55m▀[38;2;102;221;210m[48;2;177;65;164m▀[48;2;158;102;31m▀[48;2;18;77;91m▀[38;2;35;166;178m[48;2;102;221;210m▀[38;2;18;77;91m[48;2;177;65;164m▀[48;2;91;32;105m▀[48;2;18;77;91m▀[38;2;14;25;45m[48;2;14;25;45m▀[38;2;39;28;15m[48;2;39;28;15m▀▀[38;2;3;7;14m▀[38;2;72;46;18m▀[38;2;39;28;15m▀[38;2;3;7;14m[48;2;3;7;14m▀▀▀▀▀[0m
[38;2;39;28;15m[48;2;39;28;15m▀▀[38;2;72;46;18m▀[48;2;72;46;18m▀[38;2;158;102;31m[48;2;112;70;22m▀▀[38;2;72;46;18m▀[48;2;72;46;18m▀[48;2;39;28;15m▀[48;2;72;46;18m▀[48;2;39;28;15m▀[48;2;72;46;18m▀▀[48;2;39;28;15m▀[38;2;39;28;15m▀▀[38;2;72;46;18m▀▀[38;2;91;32;105m[48;2;112;70;22m▀[38;2;72;46;18m[48;2;91;32;105m▀[38;2;204;146;55m[48;2;158;102;31m▀[38;2;255;226;153m[48;2;255;226;153m▀[48;2;239;194;91m▀[38;2;255;244;213m▀▀[38;2;255;226;153m[48;2;204;146;55m▀▀[38;2;158;102;31m[48;2;158;102;31m▀[38;2;112;70;22m▀[38;2;158;102;31m▀[38;2;112;70;22m[48;2;112;70;22m▀[38;2;204;146;55m[48;2;158;102;31m▀[48;2;112;70;22m▀[48;2;158;102;31m▀▀▀[38;2;112;70;22m[48;2;39;28;15m▀[38;2;158;102;31m[48;2;204;146;55m▀[38;2;204;146;55m▀[38;2;112;70;22m[48;2;72;46;18m▀[38;2;158;102;31m[48;2;112;70;22m▀[38;2;72;46;18m▀[38;2;112;70;22m[48;2;72;46;18m▀[48;2;112;70;22m▀[38;2;204;146;55m[48;2;158;102;31m▀[38;2;239;194;91m[48;2;204;146;55m▀[38;2;158;102;31m[48;2;158;102;31m▀[38;2;72;46;18m[48;2;112;70;22m▀[38;2;39;28;15m▀[38;2;3;7;14m▀[38;2;39;28;15m[48;2;158;102;31m▀▀▀[38;2;112;70;22m▀[38;2;158;102;31m▀[38;2;204;146;55m[48;2;112;70;22m▀[38;2;158;102;31m▀▀[38;2;112;70;22m[48;2;72;46;18m▀▀[38;2;72;46;18m▀▀[48;2;39;28;15m▀[38;2;39;28;15m[48;2;72;46;18m▀[48;2;39;28;15m▀▀[48;2;72;46;18m▀▀[48;2;39;28;15m▀▀[48;2;72;46;18m▀▀▀[38;2;72;46;18m▀▀[38;2;112;70;22m[48;2;39;28;15m▀[48;2;14;25;45m▀▀[38;2;72;46;18m▀▀▀[48;2;91;32;105m▀[48;2;158;102;31m▀[48;2;112;70;22m▀▀▀▀[38;2;112;70;22m▀[38;2;158;102;31m[48;2;158;102;31m▀[38;2;112;70;22m▀[38;2;72;46;18m[48;2;72;46;18m▀[38;2;3;7;14m[48;2;39;28;15m▀[38;2;72;46;18m▀[48;2;72;46;18m▀[38;2;112;70;22m▀▀[38;2;72;46;18m▀[38;2;112;70;22m▀[48;2;39;28;15m▀[38;2;72;46;18m[48;2;72;46;18m▀[38;2;112;70;22m▀▀[38;2;158;102;31m[48;2;112;70;22m▀▀[48;2;158;102;31m▀[38;2;204;146;55m▀[38;2;112;70;22m[48;2;112;70;22m▀[38;2;158;102;31m[48;2;158;102;31m▀[48;2;112;70;22m▀[48;2;158;102;31m▀[38;2;112;70;22m[48;2;112;70;22m▀[38;2;72;46;18m[48;2;72;46;18m▀[38;2;18;77;91m[48;2;91;32;105m▀[38;2;239;132;220m▀▀[38;2;18;77;91m[48;2;18;77;91m▀▀[38;2;14;25;45m[48;2;14;25;45m▀[48;2;39;28;15m▀[38;2;39;28;15m[48;2;72;46;18m▀[38;2;72;46;18m▀[38;2;39;28;15m[48;2;39;28;15m▀[38;2;3;7;14m[48;2;3;7;14m▀▀▀▀▀▀[0m
[38;2;39;28;15m[48;2;39;28;15m▀▀▀[38;2;72;46;18m▀[38;2;112;70;22m[48;2;72;46;18m▀[38;2;72;46;18m▀[38;2;112;70;22m▀[48;2;112;70;22m▀[48;2;72;46;18m▀[38;2;72;46;18m▀▀▀[38;2;112;70;22m[48;2;112;70;22m▀[38;2;158;102;31m[48;2;158;102;31m▀[38;2;204;146;55m▀[38;2;112;70;22m[48;2;112;70;22m▀[38;2;72;46;18m[48;2;72;46;18m▀[48;2;3;7;14m▀[48;2;39;28;15m▀[48;2;72;46;18m▀▀[38;2;204;146;55m[48;2;158;102;31m▀▀[38;2;112;70;22m▀[38;2;158;102;31m▀▀[38;2;112;70;22m▀[48;2;112;70;22m▀[38;2;158;102;31m▀[38;2;112;70;22m▀▀[38;2;158;102;31m▀▀▀▀▀[38;2;72;46;18m▀[38;2;39;28;15m[48;2;72;46;18m▀[38;2;72;46;18m[48;2;3;7;14m▀▀[48;2;39;28;15m▀[38;2;112;70;22m[48;2;72;46;18m▀[48;2;112;70;22m▀[48;2;72;46;18m▀▀▀[38;2;158;102;31m▀▀▀▀▀[38;2;112;70;22m▀▀▀▀[38;2;72;46;18m▀[38;2;112;70;22m▀[38;2;72;46;18m▀[38;2;112;70;22m▀[48;2;39;28;15m▀[38;2;72;46;18m▀[38;2;39;28;15m▀▀[38;2;72;46;18m[48;2;72;46;18m▀[38;2;39;28;15m▀[38;2;72;46;18m[48;2;112;70;22m▀[48;2;72;46;18m▀▀▀[38;2;112;70;22m[48;2;39;28;15m▀[38;2;72;46;18m[48;2;3;7;14m▀[38;2;39;28;15m▀[38;2;3;7;14m▀▀▀[38;2;14;25;45m[48;2;14;25;45m▀▀▀[48;2;18;77;91m▀[48;2;14;25;45m▀[48;2;18;77;91m▀[38;2;18;77;91m▀[38;2;91;32;105m[48;2;91;32;105m▀[38;2;204;146;55m[48;2;204;146;55m▀[38;2;239;194;91m[48;2;239;194;91m▀[38;2;158;102;31m▀[48;2;204;146;55m▀[38;2;112;70;22m[48;2;112;70;22m▀[38;2;72;46;18m▀[48;2;72;46;18m▀[48;2;39;28;15m▀[48;2;72;46;18m▀[38;2;39;28;15m▀[48;2;39;28;15m▀[48;2;3;7;14m▀[48;2;39;28;15m▀[38;2;72;46;18m▀[38;2;39;28;15m▀▀[38;2;72;46;18m▀[48;2;72;46;18m▀[48;2;39;28;15m▀[48;2;72;46;18m▀[48;2;39;28;15m▀[48;2;72;46;18m▀[38;2;112;70;22m[48;2;112;70;22m▀[38;2;72;46;18m[48;2;91;32;105m▀[38;2;112;70;22m[48;2;72;46;18m▀▀[38;2;158;102;31m▀[38;2;72;46;18m[48;2;39;28;15m▀[48;2;72;46;18m▀[38;2;91;32;105m▀[38;2;14;25;45m[48;2;14;25;45m▀[38;2;18;77;91m[48;2;18;77;91m▀[38;2;35;166;178m[48;2;91;32;105m▀[38;2;14;25;45m[48;2;72;46;18m▀[48;2;14;25;45m▀[38;2;72;46;18m[48;2;91;32;105m▀[38;2;91;32;105m▀[38;2;72;46;18m[48;2;72;46;18m▀[38;2;8;15;29m[48;2;3;7;14m▀[38;2;3;7;14m▀▀▀▀▀▀[0m
[38;2;39;28;15m[48;2;91;32;105m▀[48;2;39;28;15m▀▀▀[48;2;72;46;18m▀[38;2;72;46;18m[48;2;158;102;31m▀[38;2;112;70;22m[48;2;204;146;55m▀[48;2;112;70;22m▀▀▀▀[38;2;72;46;18m▀[38;2;39;28;15m[48;2;158;102;31m▀[38;2;72;46;18m▀▀[48;2;112;70;22m▀[48;2;72;46;18m▀[38;2;39;28;15m▀[48;2;39;28;15m▀[38;2;3;7;14m[48;2;3;7;14m▀[48;2;39;28;15m▀[38;2;112;70;22m[48;2;72;46;18m▀▀▀▀▀[38;2;72;46;18m▀▀▀▀▀[38;2;112;70;22m▀▀▀▀▀[38;2;72;46;18m▀[38;2;112;70;22m▀[38;2;72;46;18m▀[38;2;3;7;14m[48;2;39;28;15m▀[48;2;3;7;14m▀▀[38;2;72;46;18m▀[48;2;72;46;18m▀[48;2;39;28;15m▀▀▀[48;2;72;46;18m▀▀[48;2;112;70;22m▀▀[48;2;72;46;18m▀▀▀[38;2;39;28;15m[48;2;158;102;31m▀[48;2;112;70;22m▀[38;2;72;46;18m[48;2;72;46;18m▀▀[38;2;39;28;15m▀▀[38;2;72;46;18m▀▀[38;2;112;70;22m▀[48;2;39;28;15m▀[38;2;72;46;18m[48;2;3;7;14m▀▀[38;2;39;28;15m▀[38;2;3;7;14m▀▀▀▀▀▀[48;2;14;25;45m▀▀[38;2;14;25;45m▀▀▀▀▀[38;2;18;77;91m[48;2;18;77;91m▀▀[38;2;91;32;105m[48;2;91;32;105m▀[48;2;35;166;178m▀[38;2;204;146;55m[48;2;177;65;164m▀[48;2;204;146;55m▀[38;2;158;102;31m[48;2;158;102;31m▀[38;2;112;70;22m▀[48;2;112;70;22m▀▀[38;2;72;46;18m▀[38;2;39;28;15m[48;2;72;46;18m▀[38;2;72;46;18m[48;2;39;28;15m▀[48;2;72;46;18m▀[38;2;39;28;15m▀[48;2;39;28;15m▀[38;2;3;7;14m▀[48;2;3;7;14m▀[38;2;39;28;15m[48;2;39;28;15m▀▀▀▀▀▀[38;2;72;46;18m[48;2;72;46;18m▀[38;2;112;70;22m▀[38;2;91;32;105m[48;2;91;32;105m▀[38;2;18;77;91m▀[38;2;72;46;18m[48;2;72;46;18m▀[38;2;39;28;15m[48;2;39;28;15m▀[38;2;3;7;14m[48;2;3;7;14m▀[38;2;14;25;45m[48;2;39;28;15m▀[48;2;8;15;29m▀[48;2;14;25;45m▀▀[38;2;91;32;105m[48;2;91;32;105m▀[48;2;177;65;164m▀[38;2;72;46;18m▀[38;2;177;65;164m▀[38;2;91;32;105m[48;2;72;46;18m▀[38;2;39;28;15m[48;2;14;25;45m▀[38;2;3;7;14m[48;2;3;7;14m▀▀▀▀▀▀▀[0m
[38;2;91;32;105m[48;2;39;28;15m▀[38;2;39;28;15m▀[48;2;3;7;14m▀[48;2;39;28;15m▀▀[38;2;204;146;55m▀[38;2;255;226;153m[48;2;72;46;18m▀[38;2;158;102;31m[48;2;112;70;22m▀[38;2;72;46;18m▀[48;2;72;46;18m▀[38;2;112;70;22m▀[38;2;158;102;31m[48;2;112;70;22m▀[48;2;158;102;31m▀[48;2;72;46;18m▀▀[38;2;112;70;22m▀[38;2;72;46;18m▀▀[38;2;39;28;15m▀[38;2;3;7;14m▀[38;2;39;28;15m[48;2;39;28;15m▀▀▀▀▀▀▀▀▀▀▀▀▀[38;2;72;46;18m▀▀▀▀▀[38;2;39;28;15m▀▀▀▀[38;2;3;7;14m▀▀▀▀[38;2;39;28;15m▀▀[38;2;72;46;18m▀[38;2;39;28;15m▀[38;2;72;46;18m▀▀▀[48;2;72;46;18m▀[48;2;39;28;15m▀[48;2;72;46;18m▀▀▀▀[48;2;39;28;15m▀[48;2;3;7;14m▀[38;2;39;28;15m▀▀[38;2;3;7;14m[48;2;8;15;29m▀[48;2;3;7;14m▀▀▀▀▀▀▀[48;2;14;25;45m▀[38;2;14;25;45m▀▀▀▀▀[48;2;18;77;91m▀[48;2;14;25;45m▀[38;2;18;77;91m[48;2;18;77;91m▀[38;2;91;32;105m[48;2;91;32;105m▀[48;2;18;77;91m▀[48;2;91;32;105m▀▀[38;2;177;65;164m[48;2;177;65;164m▀[38;2;204;146;55m▀[38;2;158;102;31m[48;2;158;102;31m▀[38;2;72;46;18m[48;2;72;46;18m▀[48;2;3;7;14m▀[38;2;112;70;22m[48;2;112;70;22m▀▀[48;2;158;102;31m▀[38;2;72;46;18m[48;2;112;70;22m▀[38;2;39;28;15m[48;2;72;46;18m▀[38;2;72;46;18m▀▀[38;2;39;28;15m▀[48;2;39;28;15m▀▀[38;2;72;46;18m[48;2;112;70;22m▀[38;2;39;28;15m[48;2;39;28;15m▀[38;2;3;7;14m▀[38;2;39;28;15m[48;2;3;7;14m▀[48;2;39;28;15m▀▀[38;2;72;46;18m[48;2;72;46;18m▀▀[38;2;14;25;45m[48;2;14;25;45m▀[38;2;72;46;18m▀[38;2;39;28;15m[48;2;39;28;15m▀▀[48;2;18;77;91m▀[38;2;14;25;45m[48;2;14;25;45m▀[48;2;91;32;105m▀[38;2;91;32;105m▀[38;2;177;65;164m▀[48;2;204;146;55m▀[38;2;255;226;153m[48;2;177;65;164m▀[38;2;91;32;105m[48;2;72;46;18m▀[38;2;39;28;15m[48;2;14;25;45m▀[38;2;3;7;14m[48;2;3;7;14m▀▀▀▀▀▀▀▀[0m
[38;2;39;28;15m[48;2;3;7;14m▀▀[48;2;39;28;15m▀[48;2;3;7;14m▀[38;2;3;7;14m▀[38;2;39;28;15m▀▀▀[38;2;72;46;18m▀[38;2;112;70;22m[48;2;39;28;15m▀[38;2;72;46;18m▀▀[38;2;112;70;22m▀▀[48;2;72;46;18m▀[38;2;72;46;18m▀▀[38;2;39;28;15m[48;2;39;28;15m▀▀[48;2;3;7;14m▀[38;2;72;46;18m▀▀▀[48;2;39;28;15m▀[48;2;72;46;18m▀[38;2;39;28;15m▀▀▀[38;2;72;46;18m▀[48;2;39;28;15m▀▀[38;2;3;7;14m[48;2;3;7;14m▀[38;2;39;28;15m▀[38;2;3;7;14m▀[38;2;39;28;15m▀▀▀[48;2;39;28;15m▀[38;2;72;46;18m▀▀[38;2;39;28;15m[48;2;3;7;14m▀▀▀[38;2;3;7;14m[48;2;39;28;15m▀▀[38;2;39;28;15m[48;2;72;46;18m▀▀▀[48;2;112;70;22m▀[38;2;72;46;18m[48;2;72;46;18m▀▀▀▀[48;2;39;28;15m▀[48;2;3;7;14m▀▀[38;2;39;28;15m▀[38;2;3;7;14m▀▀▀[38;2;39;28;15m▀[38;2;3;7;14m▀▀[38;2;14;25;45m▀[48;2;14;25;45m▀[38;2;3;7;14m▀[48;2;3;7;14m▀▀▀▀[38;2;14;25;45m[48;2;14;25;45m▀▀▀▀[48;2;3;7;14m▀[38;2;3;7;14m[48;2;14;25;45m▀[38;2;14;25;45m▀▀▀[38;2;18;77;91m▀[48;2;18;77;91m▀[48;2;91;32;105m▀[38;2;91;32;105m[48;2;35;166;178m▀[48;2;18;77;91m▀[48;2;91;32;105m▀[48;2;35;166;178m▀[48;2;91;32;105m▀[38;2;112;70;22m▀[38;2;39;28;15m[48;2;112;70;22m▀[48;2;3;7;14m▀[38;2;112;70;22m[48;2;112;70;22m▀[38;2;158;102;31m[48;2;158;102;31m▀[48;2;239;194;91m▀[38;2;112;70;22m▀[38;2;72;46;18m[48;2;158;102;31m▀▀[48;2;112;70;22m▀[48;2;72;46;18m▀[38;2;39;28;15m▀[38;2;72;46;18m[48;2;39;28;15m▀[38;2;112;70;22m[48;2;72;46;18m▀[38;2;39;28;15m▀[48;2;39;28;15m▀▀[48;2;3;7;14m▀[48;2;39;28;15m▀[48;2;72;46;18m▀[38;2;18;77;91m▀[38;2;39;28;15m[48;2;112;70;22m▀[48;2;72;46;18m▀[38;2;3;7;14m▀[38;2;91;32;105m▀▀[38;2;72;46;18m[48;2;39;28;15m▀[48;2;91;32;105m▀[38;2;91;32;105m▀▀[38;2;72;46;18m[48;2;72;46;18m▀[38;2;39;28;15m[48;2;3;7;14m▀[38;2;3;7;14m▀▀▀▀▀▀▀▀▀[0m
[38;2;3;7;14m[48;2;3;7;14m▀▀[38;2;14;25;45m▀[38;2;3;7;14m▀▀▀▀▀▀▀▀▀[38;2;39;28;15m▀▀▀▀[38;2;72;46;18m▀[48;2;39;28;15m▀▀▀[48;2;72;46;18m▀[38;2;39;28;15m▀▀[38;2;3;7;14m▀▀▀▀[38;2;39;28;15m[48;2;39;28;15m▀▀[38;2;72;46;18m▀[48;2;72;46;18m▀[48;2;158;102;31m▀[38;2;39;28;15m[48;2;112;70;22m▀▀▀▀[38;2;72;46;18m[48;2;158;102;31m▀[48;2;112;70;22m▀[48;2;72;46;18m▀▀[48;2;112;70;22m▀[48;2;72;46;18m▀▀▀[38;2;112;70;22m▀[48;2;39;28;15m▀[38;2;72;46;18m[48;2;3;7;14m▀▀▀[38;2;39;28;15m▀[38;2;3;7;14m▀▀▀▀▀▀▀[38;2;14;25;45m[48;2;14;25;45m▀[38;2;3;7;14m[48;2;3;7;14m▀[48;2;14;25;45m▀[38;2;14;25;45m▀[38;2;3;7;14m[48;2;3;7;14m▀▀▀[48;2;14;25;45m▀[38;2;14;25;45m[48;2;3;7;14m▀[38;2;3;7;14m[48;2;14;25;45m▀[48;2;3;7;14m▀▀[38;2;14;25;45m[48;2;14;25;45m▀▀▀[48;2;3;7;14m▀[48;2;14;25;45m▀[48;2;3;7;14m▀▀[48;2;14;25;45m▀[38;2;91;32;105m▀[38;2;14;25;45m▀[38;2;18;77;91m[48;2;91;32;105m▀[38;2;91;32;105m▀▀[38;2;102;221;210m[48;2;35;166;178m▀[38;2;91;32;105m[48;2;91;32;105m▀[48;2;18;77;91m▀▀[38;2;18;77;91m▀[48;2;14;25;45m▀[38;2;91;32;105m[48;2;91;32;105m▀[38;2;72;46;18m▀[38;2;39;28;15m[48;2;39;28;15m▀[38;2;158;102;31m▀[38;2;204;146;55m[48;2;112;70;22m▀[38;2;255;244;213m[48;2;204;146;55m▀[38;2;239;194;91m[48;2;239;194;91m▀[38;2;158;102;31m[48;2;158;102;31m▀[38;2;112;70;22m[48;2;112;70;22m▀[38;2;72;46;18m▀[48;2;72;46;18m▀[38;2;39;28;15m▀[48;2;39;28;15m▀[38;2;112;70;22m[48;2;3;7;14m▀[38;2;72;46;18m[48;2;39;28;15m▀[38;2;39;28;15m[48;2;72;46;18m▀[48;2;39;28;15m▀▀[38;2;72;46;18m▀▀[38;2;112;70;22m[48;2;72;46;18m▀[38;2;158;102;31m▀[38;2;72;46;18m[48;2;112;70;22m▀[38;2;39;28;15m▀[38;2;72;46;18m[48;2;72;46;18m▀[48;2;112;70;22m▀[38;2;91;32;105m[48;2;72;46;18m▀[38;2;18;77;91m▀[38;2;72;46;18m[48;2;8;15;29m▀[38;2;3;7;14m[48;2;3;7;14m▀▀▀▀▀▀▀▀▀▀▀[0m
[38;2;3;7;14m[48;2;3;7;14m▀▀▀▀▀▀▀▀▀▀▀▀▀▀▀▀▀▀▀▀▀▀▀[38;2;39;28;15m▀▀▀[38;2;72;46;18m▀▀▀▀▀▀▀▀▀▀▀[38;2;39;28;15m▀▀▀▀[38;2;3;7;14m▀▀▀▀▀▀▀▀▀▀▀[48;2;14;25;45m▀▀[48;2;3;7;14m▀▀[38;2;14;25;45m▀[48;2;14;25;45m▀[38;2;3;7;14m▀[38;2;14;25;45m▀▀▀[38;2;3;7;14m▀[38;2;14;25;45m▀▀▀▀▀▀▀▀▀[48;2;3;7;14m▀[38;2;3;7;14m[48;2;14;25;45m▀▀[38;2;14;25;45m[48;2;3;7;14m▀[48;2;14;25;45m▀▀[38;2;72;46;18m[48;2;39;28;15m▀[38;2;91;32;105m[48;2;91;32;105m▀▀[38;2;14;25;45m[48;2;14;25;45m▀[38;2;18;77;91m[48;2;18;77;91m▀[48;2;14;25;45m▀▀[38;2;14;25;45m▀▀▀[38;2;18;77;91m▀[48;2;18;77;91m▀[38;2;91;32;105m▀[38;2;72;46;18m[48;2;91;32;105m▀[48;2;72;46;18m▀[38;2;112;70;22m▀[38;2;158;102;31m[48;2;112;70;22m▀▀[38;2;112;70;22m[48;2;72;46;18m▀▀[38;2;72;46;18m▀▀[38;2;39;28;15m[48;2;39;28;15m▀▀[38;2;3;7;14m▀[38;2;39;28;15m[48;2;3;7;14m▀[38;2;72;46;18m[48;2;39;28;15m▀[38;2;39;28;15m[48;2;72;46;18m▀▀[48;2;39;28;15m▀[38;2;72;46;18m[48;2;72;46;18m▀[38;2;112;70;22m[48;2;112;70;22m▀[38;2;72;46;18m▀[48;2;39;28;15m▀[38;2;91;32;105m[48;2;72;46;18m▀[38;2;72;46;18m▀[38;2;39;28;15m[48;2;3;7;14m▀▀[38;2;3;7;14m▀▀▀▀▀▀▀▀▀▀▀▀[0m
[38;2;72;46;18m[48;2;3;7;14m▀[38;2;3;7;14m▀▀▀▀▀▀▀▀▀▀▀▀▀[48;2;14;25;45m▀▀[48;2;3;7;14m▀▀▀▀▀▀▀▀▀▀▀▀▀[38;2;14;25;45m▀[38;2;3;7;14m▀▀▀▀▀▀▀▀▀▀▀▀▀▀▀▀▀▀[38;2;8;15;29m[48;2;14;25;45m▀▀[38;2;3;7;14m▀[38;2;14;25;45m▀[48;2;91;32;105m▀[48;2;18;77;91m▀[38;2;3;7;14m[48;2;3;7;14m▀▀▀▀[38;2;14;25;45m[48;2;14;25;45m▀▀▀▀▀▀▀[48;2;18;77;91m▀[48;2;14;25;45m▀▀▀[48;2;3;7;14m▀[48;2;39;28;15m▀[38;2;39;28;15m[48;2;14;25;45m▀[38;2;3;7;14m[48;2;3;7;14m▀▀▀[38;2;14;25;45m[48;2;14;25;45m▀[38;2;39;28;15m[48;2;3;7;14m▀[38;2;91;32;105m[48;2;18;77;91m▀▀[48;2;91;32;105m▀[48;2;18;77;91m▀[38;2;18;77;91m▀[38;2;14;25;45m▀[48;2;14;25;45m▀▀[38;2;3;7;14m[48;2;3;7;14m▀[38;2;14;25;45m▀[48;2;14;25;45m▀▀▀[38;2;18;77;91m[48;2;18;77;91m▀▀[38;2;91;32;105m▀[38;2;72;46;18m▀▀[48;2;72;46;18m▀[38;2;112;70;22m[48;2;112;70;22m▀[38;2;72;46;18m▀[38;2;3;7;14m[48;2;72;46;18m▀[38;2;39;28;15m[48;2;39;28;15m▀[38;2;72;46;18m▀[38;2;39;28;15m▀[38;2;3;7;14m▀[38;2;39;28;15m▀▀▀[38;2;72;46;18m[48;2;158;102;31m▀[38;2;158;102;31m▀[38;2;72;46;18m[48;2;72;46;18m▀[38;2;39;28;15m▀[38;2;72;46;18m▀[38;2;39;28;15m[48;2;39;28;15m▀[38;2;72;46;18m[48;2;3;7;14m▀[38;2;3;7;14m▀▀▀▀▀▀▀▀▀▀▀▀▀▀▀[0m
[38;2;3;7;14m[48;2;3;7;14m▀▀▀▀▀▀▀▀▀▀▀▀▀▀[38;2;14;25;45m▀▀[38;2;3;7;14m▀▀▀▀▀▀▀▀▀▀▀▀▀▀▀▀▀[38;2;14;25;45m▀[38;2;3;7;14m▀▀▀▀▀▀▀▀▀▀▀▀▀[38;2;14;25;45m[48;2;14;25;45m▀[38;2;3;7;14m[48;2;3;7;14m▀▀▀[38;2;14;25;45m[48;2;14;25;45m▀▀▀▀[38;2;3;7;14m[48;2;3;7;14m▀▀[38;2;14;25;45m[48;2;14;25;45m▀▀▀▀[48;2;3;7;14m▀[48;2;14;25;45m▀[38;2;18;77;91m[48;2;18;77;91m▀[48;2;14;25;45m▀[38;2;14;25;45m[48;2;39;28;15m▀[48;2;14;25;45m▀[38;2;91;32;105m[48;2;39;28;15m▀[38;2;39;28;15m[48;2;3;7;14m▀[38;2;3;7;14m▀▀[48;2;14;25;45m▀[38;2;39;28;15m▀[48;2;3;7;14m▀[38;2;14;25;45m[48;2;91;32;105m▀[38;2;18;77;91m▀[38;2;14;25;45m▀[38;2;91;32;105m▀[38;2;14;25;45m[48;2;18;77;91m▀[48;2;14;25;45m▀▀[48;2;3;7;14m▀[48;2;14;25;45m▀▀▀[38;2;3;7;14m[48;2;3;7;14m▀[38;2;14;25;45m[48;2;14;25;45m▀▀[48;2;18;77;91m▀▀[38;2;18;77;91m[48;2;14;25;45m▀▀[48;2;18;77;91m▀▀▀▀[38;2;14;25;45m[48;2;14;25;45m▀[38;2;72;46;18m▀[38;2;112;70;22m▀[38;2;72;46;18m[48;2;39;28;15m▀[48;2;72;46;18m▀[38;2;39;28;15m▀[38;2;72;46;18m[48;2;39;28;15m▀[48;2;72;46;18m▀▀▀[38;2;112;70;22m[48;2;39;28;15m▀[38;2;39;28;15m[48;2;8;15;29m▀[48;2;3;7;14m▀▀[38;2;8;15;29m▀[38;2;3;7;14m▀▀▀▀▀▀▀▀▀▀▀▀▀▀▀▀▀[0m
[38;2;3;7;14m[48;2;3;7;14m▀▀▀▀▀▀▀▀▀▀▀▀▀▀▀▀▀▀▀▀▀▀▀▀[38;2;39;28;15m▀▀[38;2;3;7;14m▀▀▀▀▀▀▀▀▀▀▀▀▀▀▀▀▀▀▀▀▀[38;2;14;25;45m▀[38;2;3;7;14m▀▀[38;2;14;25;45m[48;2;14;25;45m▀▀[38;2;3;7;14m[48;2;3;7;14m▀▀[38;2;14;25;45m▀[48;2;14;25;45m▀▀▀▀▀[48;2;91;32;105m▀[38;2;39;28;15m▀[38;2;14;25;45m▀[38;2;72;46;18m▀[38;2;14;25;45m[48;2;39;28;15m▀[38;2;39;28;15m[48;2;14;25;45m▀[38;2;3;7;14m[48;2;39;28;15m▀[38;2;39;28;15m[48;2;3;7;14m▀[38;2;3;7;14m▀[48;2;14;25;45m▀[38;2;14;25;45m[48;2;72;46;18m▀[48;2;91;32;105m▀▀▀[38;2;91;32;105m▀[38;2;14;25;45m[48;2;14;25;45m▀[38;2;18;77;91m[48;2;18;77;91m▀[38;2;91;32;105m▀[38;2;18;77;91m▀[38;2;14;25;45m[48;2;14;25;45m▀[38;2;3;7;14m[48;2;3;7;14m▀[48;2;14;25;45m▀[38;2;14;25;45m▀▀▀[38;2;3;7;14m▀[38;2;14;25;45m▀[38;2;18;77;91m▀[48;2;18;77;91m▀▀[38;2;14;25;45m[48;2;14;25;45m▀▀[38;2;18;77;91m▀[38;2;14;25;45m▀[38;2;18;77;91m▀[38;2;14;25;45m▀▀▀[48;2;3;7;14m▀[48;2;14;25;45m▀[38;2;3;7;14m[48;2;3;7;14m▀[38;2;14;25;45m▀[38;2;3;7;14m▀▀▀▀▀▀▀▀▀▀▀▀▀▀▀[38;2;14;25;45m[48;2;14;25;45m▀[38;2;3;7;14m▀▀[38;2;14;25;45m▀▀[48;2;3;7;14m▀[38;2;3;7;14m▀▀▀▀▀[0m
[38;2;3;7;14m[48;2;3;7;14m▀▀▀▀▀▀▀▀▀▀▀▀▀▀▀▀▀▀▀▀▀▀▀▀▀▀▀▀▀▀▀▀▀▀▀▀▀▀▀▀▀▀▀▀▀▀▀[48;2;14;25;45m▀[48;2;3;7;14m▀[48;2;14;25;45m▀[38;2;14;25;45m▀▀▀▀▀▀▀[38;2;18;77;91m[48;2;18;77;91m▀[48;2;14;25;45m▀[48;2;91;32;105m▀[38;2;91;32;105m▀▀▀[48;2;72;46;18m▀[38;2;72;46;18m[48;2;3;7;14m▀[48;2;72;46;18m▀[38;2;39;28;15m[48;2;14;25;45m▀[38;2;3;7;14m[48;2;3;7;14m▀[48;2;14;25;45m▀[38;2;14;25;45m[48;2;91;32;105m▀[48;2;18;77;91m▀[38;2;91;32;105m[48;2;91;32;105m▀▀▀[38;2;18;77;91m[48;2;14;25;45m▀▀▀[38;2;14;25;45m▀[48;2;3;7;14m▀▀[38;2;3;7;14m▀[38;2;14;25;45m▀[48;2;14;25;45m▀▀▀▀▀▀[38;2;18;77;91m▀[38;2;14;25;45m▀[48;2;3;7;14m▀[48;2;14;25;45m▀▀[38;2;3;7;14m▀[48;2;3;7;14m▀[38;2;14;25;45m▀[38;2;3;7;14m▀▀[38;2;14;25;45m▀[38;2;3;7;14m▀▀▀▀▀▀▀▀▀▀▀▀▀▀[48;2;14;25;45m▀▀▀[38;2;14;25;45m▀[48;2;18;77;91m▀[38;2;18;77;91m[48;2;91;32;105m▀[38;2;14;25;45m[48;2;18;77;91m▀[48;2;14;25;45m▀▀[48;2;3;7;14m▀[38;2;3;7;14m▀▀▀▀▀[0m
[38;2;3;7;14m[48;2;3;7;14m▀▀▀▀▀▀▀▀▀▀▀▀▀▀▀▀▀▀▀▀▀▀▀▀▀▀▀▀▀▀▀▀▀▀▀▀▀▀▀▀▀▀▀▀▀▀▀▀▀[38;2;14;25;45m▀[48;2;14;25;45m▀▀▀[48;2;18;77;91m▀[48;2;14;25;45m▀▀[38;2;18;77;91m[48;2;18;77;91m▀[38;2;14;25;45m[48;2;14;25;45m▀[38;2;91;32;105m[48;2;91;32;105m▀[38;2;18;77;91m▀[38;2;72;46;18m▀[38;2;177;65;164m▀▀[38;2;91;32;105m▀[38;2;14;25;45m[48;2;14;25;45m▀[38;2;3;7;14m▀[38;2;39;28;15m[48;2;3;7;14m▀[38;2;14;25;45m[48;2;14;25;45m▀[38;2;91;32;105m[48;2;91;32;105m▀[48;2;177;65;164m▀[48;2;102;221;210m▀[38;2;35;166;178m[48;2;35;166;178m▀[38;2;91;32;105m[48;2;91;32;105m▀[38;2;18;77;91m▀[48;2;18;77;91m▀[38;2;14;25;45m▀[48;2;14;25;45m▀[38;2;3;7;14m[48;2;3;7;14m▀▀▀[38;2;14;25;45m▀[38;2;3;7;14m▀[38;2;14;25;45m[48;2;14;25;45m▀[38;2;3;7;14m[48;2;3;7;14m▀[38;2;14;25;45m[48;2;14;25;45m▀▀▀[48;2;3;7;14m▀▀[38;2;3;7;14m▀[48;2;14;25;45m▀[38;2;14;25;45m▀[38;2;18;77;91m[48;2;18;77;91m▀[38;2;14;25;45m[48;2;14;25;45m▀[48;2;3;7;14m▀[38;2;3;7;14m▀▀▀▀▀▀▀▀▀▀▀▀▀▀▀▀[48;2;14;25;45m▀▀[38;2;14;25;45m▀▀[38;2;18;77;91m[48;2;91;32;105m▀[38;2;91;32;105m[48;2;255;226;153m▀[38;2;177;65;164m[48;2;177;65;164m▀[38;2;91;32;105m[48;2;18;77;91m▀[38;2;14;25;45m[48;2;14;25;45m▀[48;2;3;7;14m▀[48;2;14;25;45m▀▀[48;2;3;7;14m▀[38;2;3;7;14m▀▀▀▀[0m
[38;2;3;7;14m[48;2;3;7;14m▀▀▀▀▀▀▀▀▀▀▀▀▀▀▀▀▀▀▀▀▀▀▀▀▀▀▀▀▀▀▀▀▀▀▀▀▀▀▀▀▀▀▀▀▀▀▀▀▀▀[48;2;14;25;45m▀[38;2;14;25;45m▀▀▀▀[38;2;18;77;91m[48;2;91;32;105m▀▀[38;2;91;32;105m▀▀▀[48;2;177;65;164m▀[48;2;91;32;105m▀[38;2;72;46;18m[48;2;72;46;18m▀[38;2;14;25;45m[48;2;14;25;45m▀▀[48;2;3;7;14m▀[38;2;3;7;14m[48;2;18;77;91m▀[38;2;14;25;45m[48;2;91;32;105m▀[38;2;91;32;105m▀▀[38;2;102;221;210m[48;2;35;166;178m▀[38;2;35;166;178m[48;2;18;77;91m▀[38;2;91;32;105m▀[38;2;18;77;91m[48;2;14;25;45m▀[48;2;91;32;105m▀[48;2;18;77;91m▀[38;2;14;25;45m[48;2;14;25;45m▀[38;2;3;7;14m[48;2;3;7;14m▀[38;2;14;25;45m[48;2;14;25;45m▀[38;2;3;7;14m[48;2;3;7;14m▀▀[38;2;14;25;45m▀▀[38;2;3;7;14m[48;2;14;25;45m▀[38;2;14;25;45m▀[38;2;18;77;91m▀[38;2;14;25;45m▀[38;2;3;7;14m[48;2;3;7;14m▀[38;2;14;25;45m[48;2;14;25;45m▀▀▀[48;2;3;7;14m▀▀[38;2;3;7;14m▀▀▀▀▀▀▀▀▀▀▀▀▀▀▀▀▀[48;2;14;25;45m▀▀[38;2;14;25;45m▀[48;2;18;77;91m▀[38;2;91;32;105m[48;2;91;32;105m▀[38;2;177;65;164m▀▀[38;2;91;32;105m▀[38;2;18;77;91m[48;2;14;25;45m▀[38;2;14;25;45m▀▀[48;2;3;7;14m▀[38;2;3;7;14m▀▀▀▀▀▀[0m
[38;2;3;7;14m[48;2;3;7;14m▀▀▀▀▀▀▀▀▀▀▀▀▀▀▀▀▀▀▀▀▀▀▀▀▀▀▀▀▀▀▀▀▀▀▀▀▀▀▀▀▀▀▀▀[38;2;14;25;45m[48;2;14;25;45m▀[38;2;3;7;14m▀[38;2;14;25;45m▀▀▀▀▀▀[38;2;18;77;91m▀[38;2;14;25;45m▀[38;2;18;77;91m[48;2;18;77;91m▀[38;2;91;32;105m[48;2;91;32;105m▀[38;2;18;77;91m▀[38;2;91;32;105m▀[38;2;14;25;45m[48;2;14;25;45m▀[38;2;91;32;105m[48;2;39;28;15m▀[38;2;177;65;164m[48;2;112;70;22m▀[38;2;158;102;31m[48;2;91;32;105m▀[38;2;72;46;18m[48;2;14;25;45m▀[38;2;14;25;45m▀[38;2;3;7;14m▀[38;2;14;25;45m▀[38;2;18;77;91m▀[48;2;35;166;178m▀[38;2;91;32;105m▀[38;2;35;166;178m▀[38;2;91;32;105m[48;2;91;32;105m▀[38;2;18;77;91m[48;2;18;77;91m▀[48;2;14;25;45m▀[38;2;14;25;45m▀▀▀[38;2;3;7;14m[48;2;3;7;14m▀▀▀▀▀▀[38;2;14;25;45m▀[48;2;14;25;45m▀▀[48;2;3;7;14m▀[38;2;3;7;14m▀[38;2;14;25;45m▀[38;2;3;7;14m▀[38;2;14;25;45m[48;2;14;25;45m▀[38;2;18;77;91m▀[38;2;3;7;14m[48;2;3;7;14m▀▀▀▀▀▀▀▀▀▀▀▀[38;2;39;28;15m[48;2;39;28;15m▀[38;2;3;7;14m[48;2;3;7;14m▀▀▀▀▀[48;2;14;25;45m▀[38;2;14;25;45m[48;2;3;7;14m▀[48;2;14;25;45m▀▀[38;2;91;32;105m[48;2;91;32;105m▀▀▀▀[48;2;14;25;45m▀[38;2;14;25;45m[48;2;3;7;14m▀▀[38;2;3;7;14m▀▀▀▀▀▀▀▀[0m
[38;2;3;7;14m[48;2;3;7;14m▀▀[48;2;14;25;45m▀[48;2;3;7;14m▀▀▀▀▀▀▀▀▀▀▀▀▀▀▀▀▀▀▀▀▀▀▀▀▀▀▀▀▀▀▀▀▀▀▀▀▀▀▀[48;2;14;25;45m▀[48;2;3;7;14m▀[38;2;14;25;45m[48;2;14;25;45m▀▀▀▀[38;2;18;77;91m[48;2;18;77;91m▀[38;2;14;25;45m▀[48;2;14;25;45m▀▀[38;2;3;7;14m▀[38;2;14;25;45m▀[48;2;18;77;91m▀[38;2;91;32;105m[48;2;91;32;105m▀▀[48;2;72;46;18m▀[38;2;72;46;18m[48;2;91;32;105m▀[48;2;39;28;15m▀[38;2;91;32;105m[48;2;91;32;105m▀[38;2;14;25;45m[48;2;14;25;45m▀[48;2;3;7;14m▀[38;2;3;7;14m[48;2;14;25;45m▀[38;2;18;77;91m▀[38;2;14;25;45m[48;2;91;32;105m▀[38;2;18;77;91m[48;2;18;77;91m▀[38;2;35;166;178m▀▀[38;2;18;77;91m▀▀[38;2;14;25;45m[48;2;14;25;45m▀[48;2;3;7;14m▀▀[38;2;3;7;14m▀▀▀▀▀▀▀[38;2;14;25;45m[48;2;14;25;45m▀▀[48;2;3;7;14m▀[38;2;3;7;14m▀▀▀▀▀▀▀▀▀▀▀▀▀▀▀▀▀▀▀▀▀▀▀▀▀[38;2;14;25;45m▀[48;2;14;25;45m▀▀[48;2;18;77;91m▀[38;2;91;32;105m[48;2;14;25;45m▀▀▀[38;2;14;25;45m[48;2;3;7;14m▀▀[38;2;3;7;14m▀▀▀▀▀▀▀▀▀▀[0m
[38;2;3;7;14m[48;2;3;7;14m▀▀[38;2;91;32;105m▀[38;2;18;77;91m▀[38;2;3;7;14m▀▀▀▀▀▀▀▀▀▀▀▀▀▀▀▀▀▀▀▀▀▀▀▀▀▀▀▀▀▀▀▀▀▀▀▀▀▀▀▀[38;2;14;25;45m[48;2;14;25;45m▀[38;2;18;77;91m▀[38;2;14;25;45m▀[38;2;18;77;91m▀[38;2;14;25;45m[48;2;3;7;14m▀[48;2;14;25;45m▀[38;2;18;77;91m[48;2;91;32;105m▀[38;2;14;25;45m[48;2;18;77;91m▀▀▀[38;2;18;77;91m▀[48;2;91;32;105m▀[38;2;14;25;45m[48;2;14;25;45m▀▀[38;2;72;46;18m[48;2;3;7;14m▀[38;2;14;25;45m▀[48;2;14;25;45m▀[38;2;3;7;14m[48;2;39;28;15m▀[38;2;14;25;45m[48;2;14;25;45m▀▀▀[38;2;18;77;91m▀[48;2;18;77;91m▀▀[48;2;14;25;45m▀▀▀[38;2;14;25;45m▀▀[38;2;3;7;14m[48;2;3;7;14m▀▀▀▀▀▀▀▀▀▀▀▀▀▀▀▀▀▀▀▀▀▀▀▀▀▀▀▀▀▀▀▀▀▀[38;2;14;25;45m▀[48;2;14;25;45m▀[38;2;3;7;14m▀[38;2;14;25;45m▀▀[38;2;3;7;14m▀[48;2;3;7;14m▀[38;2;14;25;45m▀[38;2;3;7;14m▀▀[48;2;39;28;15m▀[48;2;3;7;14m▀▀▀▀▀▀▀▀▀▀[0m
[38;2;3;7;14m[48;2;3;7;14m▀▀▀▀▀▀▀▀▀▀▀▀▀▀▀▀▀▀▀▀▀▀▀▀▀▀▀▀▀▀▀▀▀▀▀▀▀▀▀▀▀▀[48;2;14;25;45m▀▀[38;2;14;25;45m▀[38;2;3;7;14m▀[38;2;14;25;45m[48;2;39;28;15m▀[38;2;3;7;14m[48;2;14;25;45m▀[38;2;14;25;45m▀[38;2;18;77;91m▀▀[38;2;91;32;105m[48;2;91;32;105m▀▀[48;2;14;25;45m▀[48;2;91;32;105m▀[38;2;18;77;91m[48;2;14;25;45m▀[38;2;3;7;14m▀[48;2;3;7;14m▀▀[38;2;14;25;45m▀▀▀[48;2;14;25;45m▀▀[38;2;3;7;14m▀[38;2;14;25;45m▀▀[38;2;18;77;91m▀[38;2;14;25;45m[48;2;3;7;14m▀[38;2;3;7;14m▀[38;2;14;25;45m▀[38;2;3;7;14m▀[38;2;14;25;45m[48;2;14;25;45m▀▀▀[48;2;3;7;14m▀[38;2;3;7;14m▀▀▀▀▀▀▀▀▀▀▀▀▀▀▀▀▀▀▀▀▀▀▀▀▀▀▀▀▀▀▀▀▀▀▀[38;2;91;32;105m[48;2;14;25;45m▀[38;2;18;77;91m▀[38;2;3;7;14m[48;2;3;7;14m▀▀▀▀▀▀▀▀▀▀▀▀▀▀▀[0m
[38;2;3;7;14m[48;2;3;7;14m▀▀▀▀▀▀▀▀▀▀▀▀▀▀▀▀▀▀▀▀▀▀▀▀▀▀▀▀▀▀▀[48;2;39;28;15m▀[48;2;3;7;14m▀▀▀▀▀▀▀▀[48;2;14;25;45m▀[38;2;14;25;45m▀▀▀▀[38;2;3;7;14m▀[38;2;18;77;91m[48;2;91;32;105m▀[38;2;14;25;45m[48;2;18;77;91m▀[38;2;3;7;14m[48;2;14;25;45m▀[38;2;14;25;45m[48;2;18;77;91m▀[48;2;14;25;45m▀[38;2;18;77;91m[48;2;91;32;105m▀[48;2;72;46;18m▀[38;2;3;7;14m[48;2;3;7;14m▀▀▀▀[48;2;39;28;15m▀[48;2;3;7;14m▀▀▀▀[38;2;14;25;45m[48;2;14;25;45m▀[48;2;3;7;14m▀[38;2;3;7;14m▀[38;2;14;25;45m▀▀[38;2;3;7;14m▀▀▀▀▀[38;2;14;25;45m▀▀[38;2;3;7;14m▀▀▀▀▀▀▀▀▀▀▀▀▀▀▀▀▀▀▀▀▀▀▀▀▀▀▀▀▀▀▀▀▀▀▀▀▀▀▀▀▀▀▀▀▀▀▀▀▀▀▀▀▀▀[0m
[38;2;3;7;14m[48;2;3;7;14m▀▀▀▀▀▀▀▀▀▀▀▀▀▀▀▀▀▀▀▀▀▀▀▀▀▀▀▀▀▀▀▀▀▀▀▀▀▀▀[48;2;14;25;45m▀[38;2;14;25;45m▀▀▀▀▀[48;2;18;77;91m▀[38;2;18;77;91m▀▀[48;2;91;32;105m▀[38;2;91;32;105m▀[38;2;14;25;45m[48;2;14;25;45m▀[38;2;72;46;18m▀[38;2;14;25;45m▀[38;2;3;7;14m[48;2;3;7;14m▀[38;2;14;25;45m[48;2;14;25;45m▀[38;2;3;7;14m[48;2;3;7;14m▀▀▀▀▀[38;2;14;25;45m▀[38;2;3;7;14m▀▀▀▀▀▀▀▀▀▀▀▀▀▀▀▀▀▀▀▀▀▀▀▀▀▀▀▀▀▀▀▀▀▀▀▀▀▀▀▀▀▀▀▀▀▀▀▀▀▀▀▀▀▀▀▀▀▀▀▀▀▀▀▀▀▀▀[0m
[38;2;3;7;14m[48;2;3;7;14m▀▀▀▀▀▀▀▀▀▀▀▀▀▀▀▀▀▀▀▀▀▀▀▀▀▀▀▀▀▀▀▀▀▀▀[48;2;14;25;45m▀▀▀[38;2;14;25;45m▀▀▀▀▀▀[48;2;18;77;91m▀[38;2;18;77;91m▀[48;2;91;32;105m▀[38;2;91;32;105m▀[48;2;14;25;45m▀[48;2;18;77;91m▀[38;2;18;77;91m[48;2;14;25;45m▀[38;2;14;25;45m▀[48;2;18;77;91m▀[48;2;14;25;45m▀[48;2;3;7;14m▀▀[38;2;3;7;14m▀▀[48;2;14;25;45m▀▀[48;2;3;7;14m▀▀▀▀▀▀▀▀▀▀▀▀▀▀▀▀▀▀▀▀▀▀▀▀▀▀▀▀▀▀▀▀▀▀▀▀▀▀▀▀▀▀▀▀▀▀▀▀▀▀▀▀▀▀▀▀▀▀▀▀▀▀▀▀▀▀▀▀[0m
